2.58333e-018
4.54304e-016
1.14534e-014
8.11939e-014
2.0654e-013
2.0654e-013
8.11939e-014
1.14534e-014
4.54304e-016
2.58333e-018
4.54304e-016
7.98938e-014
2.01419e-012
1.42788e-011
3.63222e-011
3.63222e-011
1.42788e-011
2.01419e-012
7.98938e-014
4.54304e-016
1.14534e-014
2.01419e-012
5.07793e-011
3.59979e-010
9.15711e-010
9.15711e-010
3.59979e-010
5.07793e-011
2.01419e-012
1.14534e-014
8.11939e-014
1.42788e-011
3.59979e-010
2.55192e-009
6.49156e-009
6.49156e-009
2.55192e-009
3.59979e-010
1.42788e-011
8.11939e-014
2.0654e-013
3.63222e-011
9.15711e-010
6.49156e-009
1.65132e-008
1.65132e-008
6.49156e-009
9.15711e-010
3.63222e-011
2.0654e-013
2.0654e-013
3.63222e-011
9.15711e-010
6.49156e-009
1.65132e-008
1.65132e-008
6.49156e-009
9.15711e-010
3.63222e-011
2.0654e-013
8.11939e-014
1.42788e-011
3.59979e-010
2.55192e-009
6.49156e-009
6.49156e-009
2.55192e-009
3.59979e-010
1.42788e-011
8.11939e-014
1.14534e-014
2.01419e-012
5.07793e-011
3.59979e-010
9.15711e-010
9.15711e-010
3.59979e-010
5.07793e-011
2.01419e-012
1.14534e-014
4.54304e-016
7.98938e-014
2.01419e-012
1.42788e-011
3.63222e-011
3.63222e-011
1.42788e-011
2.01419e-012
7.98938e-014
4.54304e-016
2.58333e-018
4.54304e-016
1.14534e-014
8.11939e-014
2.0654e-013
2.0654e-013
8.11939e-014
1.14534e-014
4.54304e-016
2.58333e-018
4.54304e-016
7.98938e-014
2.01419e-012
1.42788e-011
3.63222e-011
3.63222e-011
1.42788e-011
2.01419e-012
7.98938e-014
4.54304e-016
7.98938e-014
1.40501e-011
3.54215e-010
2.51106e-009
6.38762e-009
6.38762e-009
2.51106e-009
3.54215e-010
1.40501e-011
7.98938e-014
2.01419e-012
3.54215e-010
8.93004e-009
6.33059e-008
1.61037e-007
1.61037e-007
6.33059e-008
8.93004e-009
3.54215e-010
2.01419e-012
1.42788e-011
2.51106e-009
6.33059e-008
4.48781e-007
1.14161e-006
1.14161e-006
4.48781e-007
6.33059e-008
2.51106e-009
1.42788e-011
3.63222e-011
6.38762e-009
1.61037e-007
1.14161e-006
2.90401e-006
2.90401e-006
1.14161e-006
1.61037e-007
6.38762e-009
3.63222e-011
3.63222e-011
6.38762e-009
1.61037e-007
1.14161e-006
2.90401e-006
2.90401e-006
1.14161e-006
1.61037e-007
6.38762e-009
3.63222e-011
1.42788e-011
2.51106e-009
6.33059e-008
4.48781e-007
1.14161e-006
1.14161e-006
4.48781e-007
6.33059e-008
2.51106e-009
1.42788e-011
2.01419e-012
3.54215e-010
8.93004e-009
6.33059e-008
1.61037e-007
1.61037e-007
6.33059e-008
8.93004e-009
3.54215e-010
2.01419e-012
7.98938e-014
1.40501e-011
3.54215e-010
2.51106e-009
6.38762e-009
6.38762e-009
2.51106e-009
3.54215e-010
1.40501e-011
7.98938e-014
4.54304e-016
7.98938e-014
2.01419e-012
1.42788e-011
3.63222e-011
3.63222e-011
1.42788e-011
2.01419e-012
7.98938e-014
4.54304e-016
1.14534e-014
2.01419e-012
5.07793e-011
3.59979e-010
9.15711e-010
9.15711e-010
3.59979e-010
5.07793e-011
2.01419e-012
1.14534e-014
2.01419e-012
3.54215e-010
8.93004e-009
6.33059e-008
1.61037e-007
1.61037e-007
6.33059e-008
8.93004e-009
3.54215e-010
2.01419e-012
5.07793e-011
8.93004e-009
2.25133e-007
1.59599e-006
4.05987e-006
4.05987e-006
1.59599e-006
2.25133e-007
8.93004e-009
5.07793e-011
3.59979e-010
6.33059e-008
1.59599e-006
1.13141e-005
2.87808e-005
2.87808e-005
1.13141e-005
1.59599e-006
6.33059e-008
3.59979e-010
9.15711e-010
1.61037e-007
4.05987e-006
2.87808e-005
7.32123e-005
7.32123e-005
2.87808e-005
4.05987e-006
1.61037e-007
9.15711e-010
9.15711e-010
1.61037e-007
4.05987e-006
2.87808e-005
7.32123e-005
7.32123e-005
2.87808e-005
4.05987e-006
1.61037e-007
9.15711e-010
3.59979e-010
6.33059e-008
1.59599e-006
1.13141e-005
2.87808e-005
2.87808e-005
1.13141e-005
1.59599e-006
6.33059e-008
3.59979e-010
5.07793e-011
8.93004e-009
2.25133e-007
1.59599e-006
4.05987e-006
4.05987e-006
1.59599e-006
2.25133e-007
8.93004e-009
5.07793e-011
2.01419e-012
3.54215e-010
8.93004e-009
6.33059e-008
1.61037e-007
1.61037e-007
6.33059e-008
8.93004e-009
3.54215e-010
2.01419e-012
1.14534e-014
2.01419e-012
5.07793e-011
3.59979e-010
9.15711e-010
9.15711e-010
3.59979e-010
5.07793e-011
2.01419e-012
1.14534e-014
8.11939e-014
1.42788e-011
3.59979e-010
2.55192e-009
6.49156e-009
6.49156e-009
2.55192e-009
3.59979e-010
1.42788e-011
8.11939e-014
1.42788e-011
2.51106e-009
6.33059e-008
4.48781e-007
1.14161e-006
1.14161e-006
4.48781e-007
6.33059e-008
2.51106e-009
1.42788e-011
3.59979e-010
6.33059e-008
1.59599e-006
1.13141e-005
2.87808e-005
2.87808e-005
1.13141e-005
1.59599e-006
6.33059e-008
3.59979e-010
2.55192e-009
4.48781e-007
1.13141e-005
8.02069e-005
0.00020403
0.00020403
8.02069e-005
1.13141e-005
4.48781e-007
2.55192e-009
6.49156e-009
1.14161e-006
2.87808e-005
0.00020403
0.000519009
0.000519009
0.00020403
2.87808e-005
1.14161e-006
6.49156e-009
6.49156e-009
1.14161e-006
2.87808e-005
0.00020403
0.000519009
0.000519009
0.00020403
2.87808e-005
1.14161e-006
6.49156e-009
2.55192e-009
4.48781e-007
1.13141e-005
8.02069e-005
0.00020403
0.00020403
8.02069e-005
1.13141e-005
4.48781e-007
2.55192e-009
3.59979e-010
6.33059e-008
1.59599e-006
1.13141e-005
2.87808e-005
2.87808e-005
1.13141e-005
1.59599e-006
6.33059e-008
3.59979e-010
1.42788e-011
2.51106e-009
6.33059e-008
4.48781e-007
1.14161e-006
1.14161e-006
4.48781e-007
6.33059e-008
2.51106e-009
1.42788e-011
8.11939e-014
1.42788e-011
3.59979e-010
2.55192e-009
6.49156e-009
6.49156e-009
2.55192e-009
3.59979e-010
1.42788e-011
8.11939e-014
2.0654e-013
3.63222e-011
9.15711e-010
6.49156e-009
1.65132e-008
1.65132e-008
6.49156e-009
9.15711e-010
3.63222e-011
2.0654e-013
3.63222e-011
6.38762e-009
1.61037e-007
1.14161e-006
2.90401e-006
2.90401e-006
1.14161e-006
1.61037e-007
6.38762e-009
3.63222e-011
9.15711e-010
1.61037e-007
4.05987e-006
2.87808e-005
7.32123e-005
7.32123e-005
2.87808e-005
4.05987e-006
1.61037e-007
9.15711e-010
6.49156e-009
1.14161e-006
2.87808e-005
0.00020403
0.000519009
0.000519009
0.00020403
2.87808e-005
1.14161e-006
6.49156e-009
1.65132e-008
2.90401e-006
7.32123e-005
0.000519009
0.00132025
0.00132025
0.000519009
7.32123e-005
2.90401e-006
1.65132e-008
1.65132e-008
2.90401e-006
7.32123e-005
0.000519009
0.00132025
0.00132025
0.000519009
7.32123e-005
2.90401e-006
1.65132e-008
6.49156e-009
1.14161e-006
2.87808e-005
0.00020403
0.000519009
0.000519009
0.00020403
2.87808e-005
1.14161e-006
6.49156e-009
9.15711e-010
1.61037e-007
4.05987e-006
2.87808e-005
7.32123e-005
7.32123e-005
2.87808e-005
4.05987e-006
1.61037e-007
9.15711e-010
3.63222e-011
6.38762e-009
1.61037e-007
1.14161e-006
2.90401e-006
2.90401e-006
1.14161e-006
1.61037e-007
6.38762e-009
3.63222e-011
2.0654e-013
3.63222e-011
9.15711e-010
6.49156e-009
1.65132e-008
1.65132e-008
6.49156e-009
9.15711e-010
3.63222e-011
2.0654e-013
2.0654e-013
3.63222e-011
9.15711e-010
6.49156e-009
1.65132e-008
1.65132e-008
6.49156e-009
9.15711e-010
3.63222e-011
2.0654e-013
3.63222e-011
6.38762e-009
1.61037e-007
1.14161e-006
2.90401e-006
2.90401e-006
1.14161e-006
1.61037e-007
6.38762e-009
3.63222e-011
9.15711e-010
1.61037e-007
4.05987e-006
2.87808e-005
7.32123e-005
7.32123e-005
2.87808e-005
4.05987e-006
1.61037e-007
9.15711e-010
6.49156e-009
1.14161e-006
2.87808e-005
0.00020403
0.000519009
0.000519009
0.00020403
2.87808e-005
1.14161e-006
6.49156e-009
1.65132e-008
2.90401e-006
7.32123e-005
0.000519009
0.00132025
0.00132025
0.000519009
7.32123e-005
2.90401e-006
1.65132e-008
1.65132e-008
2.90401e-006
7.32123e-005
0.000519009
0.00132025
0.00132025
0.000519009
7.32123e-005
2.90401e-006
1.65132e-008
6.49156e-009
1.14161e-006
2.87808e-005
0.00020403
0.000519009
0.000519009
0.00020403
2.87808e-005
1.14161e-006
6.49156e-009
9.15711e-010
1.61037e-007
4.05987e-006
2.87808e-005
7.32123e-005
7.32123e-005
2.87808e-005
4.05987e-006
1.61037e-007
9.15711e-010
3.63222e-011
6.38762e-009
1.61037e-007
1.14161e-006
2.90401e-006
2.90401e-006
1.14161e-006
1.61037e-007
6.38762e-009
3.63222e-011
2.0654e-013
3.63222e-011
9.15711e-010
6.49156e-009
1.65132e-008
1.65132e-008
6.49156e-009
9.15711e-010
3.63222e-011
2.0654e-013
8.11939e-014
1.42788e-011
3.59979e-010
2.55192e-009
6.49156e-009
6.49156e-009
2.55192e-009
3.59979e-010
1.42788e-011
8.11939e-014
1.42788e-011
2.51106e-009
6.33059e-008
4.48781e-007
1.14161e-006
1.14161e-006
4.48781e-007
6.33059e-008
2.51106e-009
1.42788e-011
3.59979e-010
6.33059e-008
1.59599e-006
1.13141e-005
2.87808e-005
2.87808e-005
1.13141e-005
1.59599e-006
6.33059e-008
3.59979e-010
2.55192e-009
4.48781e-007
1.13141e-005
8.02069e-005
0.00020403
0.00020403
8.02069e-005
1.13141e-005
4.48781e-007
2.55192e-009
6.49156e-009
1.14161e-006
2.87808e-005
0.00020403
0.000519009
0.000519009
0.00020403
2.87808e-005
1.14161e-006
6.49156e-009
6.49156e-009
1.14161e-006
2.87808e-005
0.00020403
0.000519009
0.000519009
0.00020403
2.87808e-005
1.14161e-006
6.49156e-009
2.55192e-009
4.48781e-007
1.13141e-005
8.02069e-005
0.00020403
0.00020403
8.02069e-005
1.13141e-005
4.48781e-007
2.55192e-009
3.59979e-010
6.33059e-008
1.59599e-006
1.13141e-005
2.87808e-005
2.87808e-005
1.13141e-005
1.59599e-006
6.33059e-008
3.59979e-010
1.42788e-011
2.51106e-009
6.33059e-008
4.48781e-007
1.14161e-006
1.14161e-006
4.48781e-007
6.33059e-008
2.51106e-009
1.42788e-011
8.11939e-014
1.42788e-011
3.59979e-010
2.55192e-009
6.49156e-009
6.49156e-009
2.55192e-009
3.59979e-010
1.42788e-011
8.11939e-014
1.14534e-014
2.01419e-012
5.07793e-011
3.59979e-010
9.15711e-010
9.15711e-010
3.59979e-010
5.07793e-011
2.01419e-012
1.14534e-014
2.01419e-012
3.54215e-010
8.93004e-009
6.33059e-008
1.61037e-007
1.61037e-007
6.33059e-008
8.93004e-009
3.54215e-010
2.01419e-012
5.07793e-011
8.93004e-009
2.25133e-007
1.59599e-006
4.05987e-006
4.05987e-006
1.59599e-006
2.25133e-007
8.93004e-009
5.07793e-011
3.59979e-010
6.33059e-008
1.59599e-006
1.13141e-005
2.87808e-005
2.87808e-005
1.13141e-005
1.59599e-006
6.33059e-008
3.59979e-010
9.15711e-010
1.61037e-007
4.05987e-006
2.87808e-005
7.32123e-005
7.32123e-005
2.87808e-005
4.05987e-006
1.61037e-007
9.15711e-010
9.15711e-010
1.61037e-007
4.05987e-006
2.87808e-005
7.32123e-005
7.32123e-005
2.87808e-005
4.05987e-006
1.61037e-007
9.15711e-010
3.59979e-010
6.33059e-008
1.59599e-006
1.13141e-005
2.87808e-005
2.87808e-005
1.13141e-005
1.59599e-006
6.33059e-008
3.59979e-010
5.07793e-011
8.93004e-009
2.25133e-007
1.59599e-006
4.05987e-006
4.05987e-006
1.59599e-006
2.25133e-007
8.93004e-009
5.07793e-011
2.01419e-012
3.54215e-010
8.93004e-009
6.33059e-008
1.61037e-007
1.61037e-007
6.33059e-008
8.93004e-009
3.54215e-010
2.01419e-012
1.14534e-014
2.01419e-012
5.07793e-011
3.59979e-010
9.15711e-010
9.15711e-010
3.59979e-010
5.07793e-011
2.01419e-012
1.14534e-014
4.54304e-016
7.98938e-014
2.01419e-012
1.42788e-011
3.63222e-011
3.63222e-011
1.42788e-011
2.01419e-012
7.98938e-014
4.54304e-016
7.98938e-014
1.40501e-011
3.54215e-010
2.51106e-009
6.38762e-009
6.38762e-009
2.51106e-009
3.54215e-010
1.40501e-011
7.98938e-014
2.01419e-012
3.54215e-010
8.93004e-009
6.33059e-008
1.61037e-007
1.61037e-007
6.33059e-008
8.93004e-009
3.54215e-010
2.01419e-012
1.42788e-011
2.51106e-009
6.33059e-008
4.48781e-007
1.14161e-006
1.14161e-006
4.48781e-007
6.33059e-008
2.51106e-009
1.42788e-011
3.63222e-011
6.38762e-009
1.61037e-007
1.14161e-006
2.90401e-006
2.90401e-006
1.14161e-006
1.61037e-007
6.38762e-009
3.63222e-011
3.63222e-011
6.38762e-009
1.61037e-007
1.14161e-006
2.90401e-006
2.90401e-006
1.14161e-006
1.61037e-007
6.38762e-009
3.63222e-011
1.42788e-011
2.51106e-009
6.33059e-008
4.48781e-007
1.14161e-006
1.14161e-006
4.48781e-007
6.33059e-008
2.51106e-009
1.42788e-011
2.01419e-012
3.54215e-010
8.93004e-009
6.33059e-008
1.61037e-007
1.61037e-007
6.33059e-008
8.93004e-009
3.54215e-010
2.01419e-012
7.98938e-014
1.40501e-011
3.54215e-010
2.51106e-009
6.38762e-009
6.38762e-009
2.51106e-009
3.54215e-010
1.40501e-011
7.98938e-014
4.54304e-016
7.98938e-014
2.01419e-012
1.42788e-011
3.63222e-011
3.63222e-011
1.42788e-011
2.01419e-012
7.98938e-014
4.54304e-016
2.58333e-018
4.54304e-016
1.14534e-014
8.11939e-014
2.0654e-013
2.0654e-013
8.11939e-014
1.14534e-014
4.54304e-016
2.58333e-018
4.54304e-016
7.98938e-014
2.01419e-012
1.42788e-011
3.63222e-011
3.63222e-011
1.42788e-011
2.01419e-012
7.98938e-014
4.54304e-016
1.14534e-014
2.01419e-012
5.07793e-011
3.59979e-010
9.15711e-010
9.15711e-010
3.59979e-010
5.07793e-011
2.01419e-012
1.14534e-014
8.11939e-014
1.42788e-011
3.59979e-010
2.55192e-009
6.49156e-009
6.49156e-009
2.55192e-009
3.59979e-010
1.42788e-011
8.11939e-014
2.0654e-013
3.63222e-011
9.15711e-010
6.49156e-009
1.65132e-008
1.65132e-008
6.49156e-009
9.15711e-010
3.63222e-011
2.0654e-013
2.0654e-013
3.63222e-011
9.15711e-010
6.49156e-009
1.65132e-008
1.65132e-008
6.49156e-009
9.15711e-010
3.63222e-011
2.0654e-013
8.11939e-014
1.42788e-011
3.59979e-010
2.55192e-009
6.49156e-009
6.49156e-009
2.55192e-009
3.59979e-010
1.42788e-011
8.11939e-014
1.14534e-014
2.01419e-012
5.07793e-011
3.59979e-010
9.15711e-010
9.15711e-010
3.59979e-010
5.07793e-011
2.01419e-012
1.14534e-014
4.54304e-016
7.98938e-014
2.01419e-012
1.42788e-011
3.63222e-011
3.63222e-011
1.42788e-011
2.01419e-012
7.98938e-014
4.54304e-016
2.58333e-018
4.54304e-016
1.14534e-014
8.11939e-014
2.0654e-013
2.0654e-013
8.11939e-014
1.14534e-014
4.54304e-016
2.58333e-018
