1.67053e-011
3.29547e-010
7.91434e-010
3.29547e-010
1.67053e-011
3.29547e-010
6.50101e-009
1.56127e-008
6.50101e-009
3.29547e-010
7.91434e-010
1.56127e-008
3.74952e-008
1.56127e-008
7.91434e-010
3.29547e-010
6.50101e-009
1.56127e-008
6.50101e-009
3.29547e-010
1.67053e-011
3.29547e-010
7.91434e-010
3.29547e-010
1.67053e-011
3.29547e-010
6.50101e-009
1.56127e-008
6.50101e-009
3.29547e-010
6.50101e-009
1.28246e-007
3.07993e-007
1.28246e-007
6.50101e-009
1.56127e-008
3.07993e-007
7.3967e-007
3.07993e-007
1.56127e-008
6.50101e-009
1.28246e-007
3.07993e-007
1.28246e-007
6.50101e-009
3.29547e-010
6.50101e-009
1.56127e-008
6.50101e-009
3.29547e-010
7.91434e-010
1.56127e-008
3.74952e-008
1.56127e-008
7.91434e-010
1.56127e-008
3.07993e-007
7.3967e-007
3.07993e-007
1.56127e-008
3.74952e-008
7.3967e-007
1.77638e-006
7.3967e-007
3.74952e-008
1.56127e-008
3.07993e-007
7.3967e-007
3.07993e-007
1.56127e-008
7.91434e-010
1.56127e-008
3.74952e-008
1.56127e-008
7.91434e-010
3.29547e-010
6.50101e-009
1.56127e-008
6.50101e-009
3.29547e-010
6.50101e-009
1.28246e-007
3.07993e-007
1.28246e-007
6.50101e-009
1.56127e-008
3.07993e-007
7.3967e-007
3.07993e-007
1.56127e-008
6.50101e-009
1.28246e-007
3.07993e-007
1.28246e-007
6.50101e-009
3.29547e-010
6.50101e-009
1.56127e-008
6.50101e-009
3.29547e-010
1.67053e-011
3.29547e-010
7.91434e-010
3.29547e-010
1.67053e-011
3.29547e-010
6.50101e-009
1.56127e-008
6.50101e-009
3.29547e-010
7.91434e-010
1.56127e-008
3.74952e-008
1.56127e-008
7.91434e-010
3.29547e-010
6.50101e-009
1.56127e-008
6.50101e-009
3.29547e-010
1.67053e-011
3.29547e-010
7.91434e-010
3.29547e-010
1.67053e-011
3.29547e-010
6.50101e-009
1.56127e-008
6.50101e-009
3.29547e-010
6.50101e-009
1.28246e-007
3.07993e-007
1.28246e-007
6.50101e-009
1.56127e-008
3.07993e-007
7.3967e-007
3.07993e-007
1.56127e-008
6.50101e-009
1.28246e-007
3.07993e-007
1.28246e-007
6.50101e-009
3.29547e-010
6.50101e-009
1.56127e-008
6.50101e-009
3.29547e-010
6.50101e-009
1.28246e-007
3.07993e-007
1.28246e-007
6.50101e-009
1.28246e-007
2.52992e-006
6.07581e-006
2.52992e-006
1.28246e-007
3.07993e-007
6.07581e-006
1.45915e-005
6.07581e-006
3.07993e-007
1.28246e-007
2.52992e-006
6.07581e-006
2.52992e-006
1.28246e-007
6.50101e-009
1.28246e-007
3.07993e-007
1.28246e-007
6.50101e-009
1.56127e-008
3.07993e-007
7.3967e-007
3.07993e-007
1.56127e-008
3.07993e-007
6.07581e-006
1.45915e-005
6.07581e-006
3.07993e-007
7.3967e-007
1.45915e-005
3.50428e-005
1.45915e-005
7.3967e-007
3.07993e-007
6.07581e-006
1.45915e-005
6.07581e-006
3.07993e-007
1.56127e-008
3.07993e-007
7.3967e-007
3.07993e-007
1.56127e-008
6.50101e-009
1.28246e-007
3.07993e-007
1.28246e-007
6.50101e-009
1.28246e-007
2.52992e-006
6.07581e-006
2.52992e-006
1.28246e-007
3.07993e-007
6.07581e-006
1.45915e-005
6.07581e-006
3.07993e-007
1.28246e-007
2.52992e-006
6.07581e-006
2.52992e-006
1.28246e-007
6.50101e-009
1.28246e-007
3.07993e-007
1.28246e-007
6.50101e-009
3.29547e-010
6.50101e-009
1.56127e-008
6.50101e-009
3.29547e-010
6.50101e-009
1.28246e-007
3.07993e-007
1.28246e-007
6.50101e-009
1.56127e-008
3.07993e-007
7.3967e-007
3.07993e-007
1.56127e-008
6.50101e-009
1.28246e-007
3.07993e-007
1.28246e-007
6.50101e-009
3.29547e-010
6.50101e-009
1.56127e-008
6.50101e-009
3.29547e-010
7.91434e-010
1.56127e-008
3.74952e-008
1.56127e-008
7.91434e-010
1.56127e-008
3.07993e-007
7.3967e-007
3.07993e-007
1.56127e-008
3.74952e-008
7.3967e-007
1.77638e-006
7.3967e-007
3.74952e-008
1.56127e-008
3.07993e-007
7.3967e-007
3.07993e-007
1.56127e-008
7.91434e-010
1.56127e-008
3.74952e-008
1.56127e-008
7.91434e-010
1.56127e-008
3.07993e-007
7.3967e-007
3.07993e-007
1.56127e-008
3.07993e-007
6.07581e-006
1.45915e-005
6.07581e-006
3.07993e-007
7.3967e-007
1.45915e-005
3.50428e-005
1.45915e-005
7.3967e-007
3.07993e-007
6.07581e-006
1.45915e-005
6.07581e-006
3.07993e-007
1.56127e-008
3.07993e-007
7.3967e-007
3.07993e-007
1.56127e-008
3.74952e-008
7.3967e-007
1.77638e-006
7.3967e-007
3.74952e-008
7.3967e-007
1.45915e-005
3.50428e-005
1.45915e-005
7.3967e-007
1.77638e-006
3.50428e-005
8.41581e-005
3.50428e-005
1.77638e-006
7.3967e-007
1.45915e-005
3.50428e-005
1.45915e-005
7.3967e-007
3.74952e-008
7.3967e-007
1.77638e-006
7.3967e-007
3.74952e-008
1.56127e-008
3.07993e-007
7.3967e-007
3.07993e-007
1.56127e-008
3.07993e-007
6.07581e-006
1.45915e-005
6.07581e-006
3.07993e-007
7.3967e-007
1.45915e-005
3.50428e-005
1.45915e-005
7.3967e-007
3.07993e-007
6.07581e-006
1.45915e-005
6.07581e-006
3.07993e-007
1.56127e-008
3.07993e-007
7.3967e-007
3.07993e-007
1.56127e-008
7.91434e-010
1.56127e-008
3.74952e-008
1.56127e-008
7.91434e-010
1.56127e-008
3.07993e-007
7.3967e-007
3.07993e-007
1.56127e-008
3.74952e-008
7.3967e-007
1.77638e-006
7.3967e-007
3.74952e-008
1.56127e-008
3.07993e-007
7.3967e-007
3.07993e-007
1.56127e-008
7.91434e-010
1.56127e-008
3.74952e-008
1.56127e-008
7.91434e-010
3.29547e-010
6.50101e-009
1.56127e-008
6.50101e-009
3.29547e-010
6.50101e-009
1.28246e-007
3.07993e-007
1.28246e-007
6.50101e-009
1.56127e-008
3.07993e-007
7.3967e-007
3.07993e-007
1.56127e-008
6.50101e-009
1.28246e-007
3.07993e-007
1.28246e-007
6.50101e-009
3.29547e-010
6.50101e-009
1.56127e-008
6.50101e-009
3.29547e-010
6.50101e-009
1.28246e-007
3.07993e-007
1.28246e-007
6.50101e-009
1.28246e-007
2.52992e-006
6.07581e-006
2.52992e-006
1.28246e-007
3.07993e-007
6.07581e-006
1.45915e-005
6.07581e-006
3.07993e-007
1.28246e-007
2.52992e-006
6.07581e-006
2.52992e-006
1.28246e-007
6.50101e-009
1.28246e-007
3.07993e-007
1.28246e-007
6.50101e-009
1.56127e-008
3.07993e-007
7.3967e-007
3.07993e-007
1.56127e-008
3.07993e-007
6.07581e-006
1.45915e-005
6.07581e-006
3.07993e-007
7.3967e-007
1.45915e-005
3.50428e-005
1.45915e-005
7.3967e-007
3.07993e-007
6.07581e-006
1.45915e-005
6.07581e-006
3.07993e-007
1.56127e-008
3.07993e-007
7.3967e-007
3.07993e-007
1.56127e-008
6.50101e-009
1.28246e-007
3.07993e-007
1.28246e-007
6.50101e-009
1.28246e-007
2.52992e-006
6.07581e-006
2.52992e-006
1.28246e-007
3.07993e-007
6.07581e-006
1.45915e-005
6.07581e-006
3.07993e-007
1.28246e-007
2.52992e-006
6.07581e-006
2.52992e-006
1.28246e-007
6.50101e-009
1.28246e-007
3.07993e-007
1.28246e-007
6.50101e-009
3.29547e-010
6.50101e-009
1.56127e-008
6.50101e-009
3.29547e-010
6.50101e-009
1.28246e-007
3.07993e-007
1.28246e-007
6.50101e-009
1.56127e-008
3.07993e-007
7.3967e-007
3.07993e-007
1.56127e-008
6.50101e-009
1.28246e-007
3.07993e-007
1.28246e-007
6.50101e-009
3.29547e-010
6.50101e-009
1.56127e-008
6.50101e-009
3.29547e-010
1.67053e-011
3.29547e-010
7.91434e-010
3.29547e-010
1.67053e-011
3.29547e-010
6.50101e-009
1.56127e-008
6.50101e-009
3.29547e-010
7.91434e-010
1.56127e-008
3.74952e-008
1.56127e-008
7.91434e-010
3.29547e-010
6.50101e-009
1.56127e-008
6.50101e-009
3.29547e-010
1.67053e-011
3.29547e-010
7.91434e-010
3.29547e-010
1.67053e-011
3.29547e-010
6.50101e-009
1.56127e-008
6.50101e-009
3.29547e-010
6.50101e-009
1.28246e-007
3.07993e-007
1.28246e-007
6.50101e-009
1.56127e-008
3.07993e-007
7.3967e-007
3.07993e-007
1.56127e-008
6.50101e-009
1.28246e-007
3.07993e-007
1.28246e-007
6.50101e-009
3.29547e-010
6.50101e-009
1.56127e-008
6.50101e-009
3.29547e-010
7.91434e-010
1.56127e-008
3.74952e-008
1.56127e-008
7.91434e-010
1.56127e-008
3.07993e-007
7.3967e-007
3.07993e-007
1.56127e-008
3.74952e-008
7.3967e-007
1.77638e-006
7.3967e-007
3.74952e-008
1.56127e-008
3.07993e-007
7.3967e-007
3.07993e-007
1.56127e-008
7.91434e-010
1.56127e-008
3.74952e-008
1.56127e-008
7.91434e-010
3.29547e-010
6.50101e-009
1.56127e-008
6.50101e-009
3.29547e-010
6.50101e-009
1.28246e-007
3.07993e-007
1.28246e-007
6.50101e-009
1.56127e-008
3.07993e-007
7.3967e-007
3.07993e-007
1.56127e-008
6.50101e-009
1.28246e-007
3.07993e-007
1.28246e-007
6.50101e-009
3.29547e-010
6.50101e-009
1.56127e-008
6.50101e-009
3.29547e-010
1.67053e-011
3.29547e-010
7.91434e-010
3.29547e-010
1.67053e-011
3.29547e-010
6.50101e-009
1.56127e-008
6.50101e-009
3.29547e-010
7.91434e-010
1.56127e-008
3.74952e-008
1.56127e-008
7.91434e-010
3.29547e-010
6.50101e-009
1.56127e-008
6.50101e-009
3.29547e-010
1.67053e-011
3.29547e-010
7.91434e-010
3.29547e-010
1.67053e-011
