5.03586e-027
9.93744e-024
2.45327e-021
1.76248e-019
5.15782e-018
7.32719e-017
5.60432e-016
2.46253e-015
6.47556e-015
1.04414e-014
1.04414e-014
6.47556e-015
2.46253e-015
5.60432e-016
7.32719e-017
5.15782e-018
1.76248e-019
2.45327e-021
9.93744e-024
5.03586e-027
9.93744e-024
1.96099e-020
4.84111e-018
3.47796e-016
1.01781e-014
1.4459e-013
1.10592e-012
4.8594e-012
1.27785e-011
2.06043e-011
2.06043e-011
1.27785e-011
4.8594e-012
1.10592e-012
1.4459e-013
1.01781e-014
3.47796e-016
4.84111e-018
1.96099e-020
9.93744e-024
2.45327e-021
4.84111e-018
1.19513e-015
8.58607e-014
2.51268e-012
3.56951e-011
2.73019e-010
1.19964e-009
3.15463e-009
5.08661e-009
5.08661e-009
3.15463e-009
1.19964e-009
2.73019e-010
3.56951e-011
2.51268e-012
8.58607e-014
1.19513e-015
4.84111e-018
2.45327e-021
1.76248e-019
3.47796e-016
8.58607e-014
6.16842e-012
1.80516e-010
2.56441e-009
1.96143e-008
8.61851e-008
2.26635e-007
3.65433e-007
3.65433e-007
2.26635e-007
8.61851e-008
1.96143e-008
2.56441e-009
1.80516e-010
6.16842e-012
8.58607e-014
3.47796e-016
1.76248e-019
5.15782e-018
1.01781e-014
2.51268e-012
1.80516e-010
5.28274e-009
7.50464e-008
5.74005e-007
2.52217e-006
6.63239e-006
1.06943e-005
1.06943e-005
6.63239e-006
2.52217e-006
5.74005e-007
7.50464e-008
5.28274e-009
1.80516e-010
2.51268e-012
1.01781e-014
5.15782e-018
7.32719e-017
1.4459e-013
3.56951e-011
2.56441e-009
7.50464e-008
1.06611e-006
8.1543e-006
3.58299e-005
9.42196e-005
0.000151922
0.000151922
9.42196e-005
3.58299e-005
8.1543e-006
1.06611e-006
7.50464e-008
2.56441e-009
3.56951e-011
1.4459e-013
7.32719e-017
5.60432e-016
1.10592e-012
2.73019e-010
1.96143e-008
5.74005e-007
8.1543e-006
6.23695e-005
0.000274051
0.000720654
0.001162
0.001162
0.000720654
0.000274051
6.23695e-005
8.1543e-006
5.74005e-007
1.96143e-008
2.73019e-010
1.10592e-012
5.60432e-016
2.46253e-015
4.8594e-012
1.19964e-009
8.61851e-008
2.52217e-006
3.58299e-005
0.000274051
0.00120418
0.00316655
0.00510583
0.00510583
0.00316655
0.00120418
0.000274051
3.58299e-005
2.52217e-006
8.61851e-008
1.19964e-009
4.8594e-012
2.46253e-015
6.47556e-015
1.27785e-011
3.15463e-009
2.26635e-007
6.63239e-006
9.42196e-005
0.000720654
0.00316655
0.00832686
0.0134265
0.0134265
0.00832686
0.00316655
0.000720654
9.42196e-005
6.63239e-006
2.26635e-007
3.15463e-009
1.27785e-011
6.47556e-015
1.04414e-014
2.06043e-011
5.08661e-009
3.65433e-007
1.06943e-005
0.000151922
0.001162
0.00510583
0.0134265
0.0216492
0.0216492
0.0134265
0.00510583
0.001162
0.000151922
1.06943e-005
3.65433e-007
5.08661e-009
2.06043e-011
1.04414e-014
1.04414e-014
2.06043e-011
5.08661e-009
3.65433e-007
1.06943e-005
0.000151922
0.001162
0.00510583
0.0134265
0.0216492
0.0216492
0.0134265
0.00510583
0.001162
0.000151922
1.06943e-005
3.65433e-007
5.08661e-009
2.06043e-011
1.04414e-014
6.47556e-015
1.27785e-011
3.15463e-009
2.26635e-007
6.63239e-006
9.42196e-005
0.000720654
0.00316655
0.00832686
0.0134265
0.0134265
0.00832686
0.00316655
0.000720654
9.42196e-005
6.63239e-006
2.26635e-007
3.15463e-009
1.27785e-011
6.47556e-015
2.46253e-015
4.8594e-012
1.19964e-009
8.61851e-008
2.52217e-006
3.58299e-005
0.000274051
0.00120418
0.00316655
0.00510583
0.00510583
0.00316655
0.00120418
0.000274051
3.58299e-005
2.52217e-006
8.61851e-008
1.19964e-009
4.8594e-012
2.46253e-015
5.60432e-016
1.10592e-012
2.73019e-010
1.96143e-008
5.74005e-007
8.1543e-006
6.23695e-005
0.000274051
0.000720654
0.001162
0.001162
0.000720654
0.000274051
6.23695e-005
8.1543e-006
5.74005e-007
1.96143e-008
2.73019e-010
1.10592e-012
5.60432e-016
7.32719e-017
1.4459e-013
3.56951e-011
2.56441e-009
7.50464e-008
1.06611e-006
8.1543e-006
3.58299e-005
9.42196e-005
0.000151922
0.000151922
9.42196e-005
3.58299e-005
8.1543e-006
1.06611e-006
7.50464e-008
2.56441e-009
3.56951e-011
1.4459e-013
7.32719e-017
5.15782e-018
1.01781e-014
2.51268e-012
1.80516e-010
5.28274e-009
7.50464e-008
5.74005e-007
2.52217e-006
6.63239e-006
1.06943e-005
1.06943e-005
6.63239e-006
2.52217e-006
5.74005e-007
7.50464e-008
5.28274e-009
1.80516e-010
2.51268e-012
1.01781e-014
5.15782e-018
1.76248e-019
3.47796e-016
8.58607e-014
6.16842e-012
1.80516e-010
2.56441e-009
1.96143e-008
8.61851e-008
2.26635e-007
3.65433e-007
3.65433e-007
2.26635e-007
8.61851e-008
1.96143e-008
2.56441e-009
1.80516e-010
6.16842e-012
8.58607e-014
3.47796e-016
1.76248e-019
2.45327e-021
4.84111e-018
1.19513e-015
8.58607e-014
2.51268e-012
3.56951e-011
2.73019e-010
1.19964e-009
3.15463e-009
5.08661e-009
5.08661e-009
3.15463e-009
1.19964e-009
2.73019e-010
3.56951e-011
2.51268e-012
8.58607e-014
1.19513e-015
4.84111e-018
2.45327e-021
9.93744e-024
1.96099e-020
4.84111e-018
3.47796e-016
1.01781e-014
1.4459e-013
1.10592e-012
4.8594e-012
1.27785e-011
2.06043e-011
2.06043e-011
1.27785e-011
4.8594e-012
1.10592e-012
1.4459e-013
1.01781e-014
3.47796e-016
4.84111e-018
1.96099e-020
9.93744e-024
5.03586e-027
9.93744e-024
2.45327e-021
1.76248e-019
5.15782e-018
7.32719e-017
5.60432e-016
2.46253e-015
6.47556e-015
1.04414e-014
1.04414e-014
6.47556e-015
2.46253e-015
5.60432e-016
7.32719e-017
5.15782e-018
1.76248e-019
2.45327e-021
9.93744e-024
5.03586e-027
